image_width: 1280
image_height: 720
camera_name: front_logitech_webcam
camera_matrix:
  rows: 3
  cols: 3
  data: [969.2624963232439, 0, 626.4323551504667, 0, 965.1341514357682, 366.21249708948653, 0, 0, 1]
distortion_model: plumb_bob
distortion_coefficients:
  rows: 1
  cols: 5
  data: [ 0.04752745701015954,   -0.21721684773566707, 0.0005240382776260281, 0.0015330224206097454,  0.18914965053470192]
rectification_matrix:
  rows: 3
  cols: 3
  data: [1, 0, 0, 0, 1, 0, 0, 0, 1]
projection_matrix:
  rows: 3
  cols: 4
  data: [969.2624963232439, 0, 626.4323551504667, 0, 0, 965.1341514357682, 366.21249708948653, 0, 0, 0, 1, 0]